----------微信群统计结果---------
# 接龙

1. 张三 2 7  
2. 李四 2 4 6  
3. 王五 3 5 8  
4. 赵六 1 2 3  
5. 钱七 4 6 8  
6. 孙八 1 2 7  
7. 周九 2  
8. 吴十 248  
9. 郑十一 134  
10. 王十二 1 6 7  
11. 李十三 2 5 8  
12. 刘十四 1 2 6  
13. 陈十五 2 4 7  
14. 杨十六 1 5  
15. 黄十七 1 3 7  
16. 张十八 2 7  
17. 李十九 2 4  
18. 王二十 235  
19. 赵二十一 1 5 8  
20. 钱二十二 235  
21. 孙二十三 237  
22. 李二十四 237  
23. 周二十五 124  
24. 吴二十六 237  
25. 王二十七 1  
26. 赵二十八 3 4 8  
27. 钱二十九 2 3 6  
28. 孙三十 2 4 7  
29. 李三十一 2 6 7  
30. 王三十二 2 4 7  
31. 赵三十三 2 4 8  
32. 钱三十四 247  
33. 孙三十五 148  
34. 李三十六 2 6 7  
35. 王三十七 2 4 7  
36. 赵三十八 1 2 7  
37. 钱三十九 4 8  
38. 孙四十 458  
39. 李四十一 1 3 6  
40. 王四十二 348  
41. 赵四十三 1 2 3  
42. 钱四十四 235  
43. 孙四十五 236  
44. 李四十六 1 3 7  




----------补充数据---------
大家好呀，咱们现在统计一下这学期春游团建需要买的小吃，大家根据接龙回复数字就行！每个人最多回复三个选项，投的多的优先购买哦！尽快投票~

# 可选零食清单

1 炸鸡汉堡
2 旺旺零食大礼包
3 星球杯大桶
4 虾条薯片
5 盐焗鸡腿
6 徐福记小零食
7 蛋卷面包
8 康师傅牛肉面
9 其他（可补充）